bertocean = { 
	color = { 
		239 59 185 
	}
	provinces = { 
	}
}
bertinlandocean = { 
	color = { 
		123 85 61 
	}
	provinces = { 
	}
}
bertglacier = { 
	color = { 
		235 235 235 
	}
	provinces = { 
	}
}
bertfarmlands = { 
	color = { 
		179 255 64 
	}
	provinces = { 
		2167 2174 2169 2177 2178 2176 5422 2193 2117 2116
		2112 2119 1753 1748 878 887 890 736 754 733
		905 
	}
}
bertforest = { 
	color = { 
		18 74 9 
	}
	provinces = { 
		2060 2061 2062 1977 2058 1957 1787 2057 1996 1969
		1968 1788 1786 1785 1784 1765 2093 2087 5405 9917
		714 5402 713 5401 710 709 699 700 704 706
		708 711 1200 1187 1189 1195 
	}
}
berthills = { 
	color = { 
		113 176 151 
	}
	provinces = { 
		2233 2226 2242 2245 2241 2253 2211 2225 2217 2137
		2181 5417 2133 2134 2125 2123 2122 2130 2107 2105
		2085 2084 2077 2081 2078 2070 2055 2068 2053 1960
		5409 2050 2048 1221 722 720 1747 1744 1226 1246
		2018 2017 2032 1944 1946 1857 1858 2037 8825 1113
		1121 1128 1132 994 993 1151 945 844 846 889
	}
}
bertwoods = { 
	color = { 
		41 155 22 
	}
	provinces = { 
		1998 2051 2005 2052 2054 2049 2047 2104 2100 2101
		2120 2121 2126 2198 2197 2172 2161 2163 2160 2153
		2219 2216 2215 1782 1779 1776 1783 2004 1982 1873
		2009 1932 1767 1835 1831 1819 1818 2092 2091 2090
		1185 1198 1194 1193 1188 1181 1180 1179 1192 1184
		1127 1130 1131 1134 1135 1124 1122 1119 1137 955
		953 954 956 970 957 966 971 973 982 987
		981 983 980 910 909 912 915 913 901 904
		924 920 899 
	}
}
bertmountain = { 
	color = { 
		105 24 4 
	}
	provinces = { 
		2251 2182 2143 5421 2132 2138 2186 2205 5416 2129
		2089 2095 2094 2088 2079 2080 2074 2072 2067 1984
		2063 2180 2179 2187 2183 2146 2135 2136 2139 9940
		2096 2086 2082 2083 1238 1205 1766 1777 1778 1746
		1745 1743 1230 1227 1224 1225 1219 1764 1800 1249
		1213 996 998 962 950 881 869 861 848 849
		837 
	}
}
bertimpassable_mountains = { 
	color = { 
		128 128 128 
	}
	provinces = { 
		8779 8781 8783 8785 8788 8792 8796 8800 8798 8799
		8812 8804 8802 8805 8807 8808 8810 8813 8814 8815
		8817 8820 8818 8822 8821 8270 8824 8271 8846 8862
		8863 8884 8888 8882 8886 8890 8880 8847 8893 
	}
}
bertgrasslands = { 
	color = { 
		90 235 27 
	}
	provinces = { 
		2221 2222 2223 2218 2154 2155 2157 2158 2159 2202
		2192 2191 2190 2188 2206 2208 2128 2210 2127 2124
		2118 2115 2111 2109 2103 2076 2073 2075 1989 1990
		1991 1999 2016 2022 2023 2024 2025 2026 2029 2031
		2033 2034 2035 2039 2040 2041 2042 2043 2044 2045
		2046 1815 1820 1821 1822 1823 1837 1838 1839 1840
		1842 1843 1844 1845 1846 1847 1848 1849 1850 1851
		1852 1853 1854 1855 1856 1859 1860 1861 1862 1863
		1864 1865 1866 1867 1868 1869 1870 1879 1880 1881
		1882 1929 1930 1931 1933 1945 1947 5411 5412 5413
		5415 1762 1768 1769 1770 1771 1772 1773 1774 1775
		1780 1841 1872 1874 1875 1876 1877 1878 1952 1953
		1961 1962 1964 1965 1966 1976 1983 1995 2001 2002
		2003 2028 2030 1934 1935 1936 1937 1938 1939 1940
		1941 1942 1943 1948 1949 1950 1951 1955 1978 1979
		1980 1981 1985 1986 1987 1988 1993 1994 2010 2011
		2012 2013 2014 2015 2019 2020 2021 2027 1759 1758
		1752 1754 1749 1750 5408 1273 1244 1241 1242 1243
		1836 1814 1817 1816 1812 1811 1808 1809 1810 1813
		1824 1830 1833 1834 1832 1829 1827 1825 1802 1807
		1803 1806 1804 1797 1805 1798 1799 1794 1796 1791
		1795 1790 1789 2038 2036 2008 2276 2274 2269 1168
		1169 1170 1171 1172 1175 1174 1178 1190 1173 1191
		1182 1177 1176 1183 1196 1197 1058 1059 1069 1060
		1061 1033 1028 1024 1078 1063 753 743 765 767
		592 747 746 744 734 732 579 781 782 1114
		1115 1117 1125 1116 1123 1126 1136 1138 1133 1141
		1139 1140 1149 1150 1166 1162 1155 1156 1153 1161
		1163 1165 1160 991 990 989 985 984 979 975
		972 976 977 978 1095 1105 951 952 949 948
		946 947 833 831 832 940 942 943 944 877
		836 835 834 829 830 826 825 824 822 823
		856 858 804 805 803 798 795 793 794 790
		788 787 590 591 589 588 768 774 777 778
		779 783 892 894 891 936 933 930 917 918
		916 921 919 926 911 907 908 900 578 
	}
}
bertjungle = { 
	color = { 
		98 163 18 
	}
	provinces = { 
		2273 2272 2271 2266 2264 2254 2256 965 968 974
		967 964 958 959 865 871 872 864 862 854
		853 852 
	}
}
bertmarsh = { 
	color = { 
		13 189 130 
	}
	provinces = { 
		2108 5419 2006 1871 2000 2280 751 750 757 749
		748 756 755 745 
	}
}
bertdesert = { 
	color = { 
		242 242 111 
	}
	provinces = { 
		7815 7816 1220 721 719 723 7818 7817 7819 7826
		7814 7813 1001 1000 1002 727 724 1012 1011 1003
		1005 1004 1055 1050 1049 1090 802 813 816 800
	}
}
bertcoastaldesert = { 
	color = { 
		255 211 110 
	}
	provinces = { 
		1107 1108 842 841 
	}
}
bertcoastline = { 
	color = { 
		49 175 191 
	}
	provinces = { 
		2234 2229 2232 2235 2236 2237 2238 2239 2246 2244
		2248 2252 2220 2213 2212 2203 2204 2214 2166 2168
		2165 2164 2156 2173 2175 2201 2114 2110 2268 2277
		2258 2263 2262 2261 2257 2259 2260 2265 2267 2270
		2255 2279 2278 1202 586 587 581 580 769 776
		1112 1111 1154 1152 1164 1102 1109 1106 1094 875
		874 876 859 857 855 851 845 847 840 886
		888 893 938 939 935 937 934 931 929 932
		928 927 925 914 897 896 902 898 895 903
		906 923 922 575 548 576 
	}
}
bertdrylands = { 
	color = { 
		232 172 102 
	}
	provinces = { 
		1216 1215 1214 1218 1211 1210 1212 1209 1207 1042
		1006 1007 1044 1046 1043 1009 1008 1010 1089 1092
		1091 1057 1054 715 5406 726 1084 728 725 730
		729 1093 1053 1048 1047 1020 1019 1013 1014 1015
		1016 1120 1099 1148 1157 1159 1103 1100 1101 1104
		1098 1142 1144 1158 867 884 883 885 828 827
		8864 817 
	}
}
berthighlands = { 
	color = { 
		176 129 21 
	}
	provinces = { 
		2140 2141 2144 2145 2147 5420 2162 2170 2171 2195
		2196 2199 2200 2194 2189 2209 2207 5418 2106 2097
		2152 2151 2098 2099 1992 2059 2066 2069 2071 2184
		2185 1793 1760 1247 1239 1204 1755 1757 1751 1761
		1763 1828 1826 1801 1792 1248 717 718 1237 2007
		5410 5414 2065 2064 2102 2131 2113 1206 1203 1208
		1199 1045 1052 999 1056 969 995 997 1129 1118
		1110 961 960 963 879 880 870 868 866 850
		882 838 839 860 
	}
}
bertsavannah = { 
	color = { 
		248 199 23 
	}
	provinces = { 
		810 814 812 811 818 815 808 809 806 801
		807 819 820 821 799 797 792 785 773 770
		772 784 786 789 791 771 796 
	}
}
bertsteppe = { 
	color = { 
		147 200 83 
	}
	provinces = { 
		1742 1232 1229 1228 1217 1223 1222 1235 1234 1233
		1231 1236 1959 1974 1997 1975 1971 1954 1967 1956
		1972 1970 1973 1958 2056 1781 1030 1036 1035 1031
		1037 1038 1040 1039 1041 1034 1032 1067 1066 1065
		1064 1074 1072 1075 1082 1076 1077 1073 1080 1079
		1081 1088 1085 1086 1087 1068 1070 5404 712 5403
		716 740 1083 1071 1062 1051 707 705 703 702
		738 752 737 731 735 739 741 764 758 763
		766 761 760 762 1029 1018 1017 759 1023 1022
		1027 1026 1021 1096 1097 1146 1143 1145 1147 988
		986 
	}
}
bertvolcano = { 
	color = { 
		221 65 28 
	}
	provinces = { 
		2243 2249 2230 2224 2275 
	}
}
bertmountainpass = { 
	color = { 
		30 7 2 
	}
	provinces = { 
	}
}
bertsequestered = { 
	color = { 
		116 195 206 
	}
	provinces = { 
		2142 2240 2247 2231 2228 2227 2250 2150 2149 2148
		1240 1245 780 775 1186 992 1201 863 873 
	}
}
bertgrove = { 
	color = { 
		250 149 245 
	}
	provinces = { 
	}
}
bertfertilelands = { 
	color = { 
		171 252 105 
	}
	provinces = { 
		1756 1167 941 742 
	}
}
bertcity = { 
	color = { 
		155 151 146 
	}
	provinces = { 
	}
}
impassables = { 
	color = { 
		91 13 120 
	}
	provinces = { 
		4153 4558 4151 4150 4152 
	}
}
