Stray pixels! Color: 0:0:0
(3) (809, 0) (810, 0) (2468, 206)

Stray pixels! Color: 255:255:255
(10) (2107, 0) (1255, 182) (1255, 183) (1031, 478) (464, 772) (1232, 937) (533, 957) (566, 1106) (3807, 1279) (2670, 1559)

Province: Nexoria1389 Color: 12:251:251
(2) (3238, 972) (3238, 973)

Stray pixels! Color: 180:180:180
(2) (4159, 1375) (3224, 1610)

Stray pixels! Color: 44:92:64
(2) (4280, 1406) (4286, 1409)

Stray pixels! Color: 43:92:64
(1) (4281, 1406)

Stray pixels! Color: 166:90:6
(1) (4280, 1408)

Stray pixels! Color: 42:92:64
(4) (4284, 1408) (4287, 1409) (4288, 1409) (4291, 1410)

Stray pixels! Color: 41:92:64
(1) (4289, 1409)

Stray pixels! Color: 171:133:126
(1) (4277, 1411)

Stray pixels! Color: 72:1:240
(1) (4276, 1412)

Stray pixels! Color: 254:254:254
(7) (2809, 1429) (3272, 1516) (3066, 1682) (1383, 1942) (2809, 1970) (3562, 2000) (1960, 2045)

Province: Nexoria1593 Color: 88:252:252
(8) (449, 1571) (450, 1571) (448, 1572) (449, 1572) (450, 1572) (448, 1573) (449, 1573) (450, 1573)

Province: Nexoria1586 Color: 81:202:202
(20) (293, 1588) (294, 1588) (291, 1589) (292, 1589) (293, 1589) (294, 1589) (295, 1589) (291, 1590) (292, 1590) (293, 1590) (294, 1590) (295, 1590) (291, 1591) (292, 1591) (293, 1591) (294, 1591) (295, 1591) (292, 1592) (293, 1592) (294, 1592)

Province: Nexoria1576 Color: 71:222:252
(7) (497, 1664) (496, 1665) (497, 1665) (496, 1666) (497, 1666) (498, 1666) (497, 1667)

Province: Nexoria1575 Color: 70:202:252
(9) (420, 1679) (421, 1679) (419, 1680) (420, 1680) (421, 1680) (422, 1680) (420, 1681) (421, 1681) (422, 1681)

