1 => 43 (43)
45 => 83 (39)
85 => 99 (15)
101
126 => 127 (2)
132
137 => 173 (37)
175 => 184 (10)
186 => 290 (105)
292
296 => 297 (2)
299
301
303
305 => 317 (13)
322 => 323 (2)
325 => 338 (14)
340 => 368 (29)
373
506 => 507 (2)
509 => 513 (5)
577
623
647 => 662 (16)
675 => 690 (16)
843
1254 => 1255 (2)
1257
1259 => 1260 (2)
1262
1266 => 1272 (7)
1274 => 1277 (4)
1279 => 1283 (5)
1287 => 1288 (2)
1290 => 1295 (6)
1299 => 1303 (5)
1305 => 1307 (3)
1309 => 1311 (3)
1313 => 1314 (2)
1316 => 1321 (6)
1323
1325
1357
1360 => 1362 (3)
1371 => 1372 (2)
1379
1383
1387
1389
1393
1412
1451
1454
1466
1540
1558
1569
1607
1631
1643
1649
1651
1657
1661
1664 => 1676 (13)
1678 => 1679 (2)
1681 => 1684 (4)
1686 => 1688 (3)
1692
1701 => 1706 (6)
1708 => 1709 (2)
1712 => 1713 (2)
1716
1718
1720 => 1721 (2)
1724
1726 => 1741 (16)
1884 => 1928 (45)
1963
2281 => 2284 (4)
2389
2391
2506
2515 => 2516 (2)
2519 => 2520 (2)
2559 => 2642 (84)
2716
2814
2881
2938
3013
3095 => 3189 (95)
3236 => 4019 (784)
4069
4134
4419
4501
4522 => 4524 (3)
4811
4831
4836
4839
4854
4861
4865
4887
4890 => 4891 (2)
4903
4905
4908 => 4909 (2)
4913
4915
4933
4935 => 4942 (8)
4945 => 4946 (2)
4948
4950 => 4952 (3)
4954
4958 => 4959 (2)
4984
4999
5002
5005
5009 => 5010 (2)
5017
5024 => 5025 (2)
5032
5037
5050
5063 => 5070 (8)
5073
5075 => 5080 (6)
5083 => 5084 (2)
5086
5089 => 5090 (2)
5092
5098
5101 => 5104 (4)
5106
5109
5111
5113 => 5114 (2)
5117 => 5118 (2)
5120
5122 => 5124 (3)
5127
5129 => 5131 (3)
5133
5135 => 5136 (2)
5139
5143
5152
5155
5160 => 5161 (2)
5208
5291
5297
5398
5407
5473 => 5474 (2)
5477 => 5485 (9)
5487 => 5492 (6)
5496 => 5498 (3)
5501 => 5503 (3)
5510 => 5511 (2)
5518 => 5519 (2)
5521
5523
5530
5543 => 5544 (2)
5549
5555
5557
5560
5562 => 5563 (2)
5565
5567 => 5568 (2)
5570
5572
5574 => 5575 (2)
5577
5579 => 5580 (2)
5588 => 5589 (2)
5598
5602 => 5603 (2)
5606 => 5607 (2)
5610 => 5612 (3)
5614
5616
5619 => 5620 (2)
5623
5626
5628 => 5631 (4)
5633 => 5634 (2)
5637 => 5638 (2)
5641 => 5643 (3)
5645
5648
5650
5652
5654
5657 => 5660 (4)
5663 => 5665 (3)
5669 => 5670 (2)
5672
5675 => 5680 (6)
5682
5684
5686 => 5687 (2)
5689 => 5695 (7)
5697 => 5698 (2)
5700 => 5703 (4)
5705
5707 => 5708 (2)
5711
5714 => 5718 (5)
5723 => 5724 (2)
5726 => 5727 (2)
5729 => 5730 (2)
5737
5739 => 5741 (3)
5743
5747
5749
5752
5755
5760 => 5761 (2)
5764 => 5765 (2)
5769
5772 => 5774 (3)
5776
5779
5781 => 5782 (2)
5785
5788 => 5791 (4)
5793
5795
5798 => 5800 (3)
5804
5806 => 5807 (2)
5811
5821
5998
6001 => 6002 (2)
6004
6007 => 6008 (2)
6012 => 6013 (2)
6015
6017 => 6018 (2)
6020 => 6021 (2)
6023
6025
6027
6029
6031
6034
6043 => 6044 (2)
6049
6051
6055
6057
6059
6063
6065 => 6066 (2)
6070
6095
6097
6099 => 6255 (157)
6257 => 6309 (53)
6311
6314
6316
6319
6321
6323
6325
6327 => 6329 (3)
6331
6333 => 6361 (29)
6363
6365 => 6367 (3)
6370
6372
6378
6380 => 6409 (30)
6413
6417
6420
6422 => 6425 (4)
6427
6429 => 6430 (2)
6432 => 6455 (24)
6470
6475
6478 => 6480 (3)
6482 => 6513 (32)
6530
6536
6541 => 6542 (2)
6545
6548 => 6549 (2)
6551 => 6553 (3)
6555 => 6556 (2)
6562
6565 => 6568 (4)
6572 => 6576 (5)
6578 => 6580 (3)
6582 => 6614 (33)
6618
6627
6630
6632 => 6633 (2)
6636 => 6665 (30)
6671 => 6672 (2)
6676 => 6680 (5)
6683 => 6687 (5)
6689 => 6690 (2)
6692 => 6732 (41)
6735
6737 => 6739 (3)
6741
6743
6745 => 6746 (2)
6748
6750 => 6754 (5)
6756 => 6757 (2)
6759 => 6788 (30)
6790 => 6792 (3)
6795
6797 => 6798 (2)
6802 => 6804 (3)
6806
6808
6810 => 6813 (4)
6816
6819 => 6820 (2)
6822 => 6829 (8)
6831
6833
6835 => 6836 (2)
6840 => 6842 (3)
6844 => 6845 (2)
6848 => 6850 (3)
6852 => 6853 (2)
6856
6858 => 6861 (4)
6864 => 6865 (2)
6868 => 6870 (3)
6872 => 6873 (2)
6879 => 6920 (42)
6922
6924 => 6925 (2)
6927 => 6929 (3)
6931 => 6937 (7)
6939
6941
6943 => 6948 (6)
6950
6952 => 6954 (3)
6956
6958
6960 => 6961 (2)
6963
6966
6970
6973 => 6974 (2)
6976
6978 => 6979 (2)
6983 => 6993 (11)
6996
7001
7003
7006
7008 => 7009 (2)
7011 => 7012 (2)
7016 => 7017 (2)
7019
7023
7025
7028
7036 => 7039 (4)
7041 => 7045 (5)
7047
7050
7052 => 7055 (4)
7057 => 7058 (2)
7060
7068 => 7070 (3)
7072
7074 => 7077 (4)
7079 => 7081 (3)
7083 => 7085 (3)
7087 => 7088 (2)
7092 => 7098 (7)
7103 => 7104 (2)
7107 => 7109 (3)
7111 => 7112 (2)
7115
7119 => 7125 (7)
7127 => 7129 (3)
7132 => 7133 (2)
7135
7137
7139
7142 => 7148 (7)
7150 => 7153 (4)
7155 => 7156 (2)
7158
7161 => 7162 (2)
7164
7167
7169 => 7170 (2)
7173 => 7174 (2)
7177 => 7181 (5)
7189
7191
7194
7197
7201
7204
7208
7210
7214
7220 => 7234 (15)
7239
7242 => 7364 (123)
7366 => 7546 (181)
7548 => 8248 (701)
8257 => 8712 (456)
8717
8734
8736
8738
8741
8767
8769 => 8805 (37)
8807 => 8994 (188)
8996 => 9060 (65)
9062 => 9663 (602)
9665 => 9744 (80)
9746 => 9750 (5)
9768
9777
9779
9783
9792 => 9793 (2)
9800
9802
9805
9811
9814 => 9816 (3)
9829
9831 => 9900 (70)
9903 => 9904 (2)
9906 => 9912 (7)
9914
9916
9922
